286392 1
1003840 1
2295440 1
2322421 1
3429238 1
4810828 1
4904812 1
5851097 1
9126351 1
9236985 1
13959634 1
14735698 1
15240238 1
15661378 1
17241370 1
21011044 1
21123811 1
23002292 1
23924608 1
26268488 1
26593852 1
27552504 1
29071332 1
30459350 1
30983281 1
32807846 1
33057951 1
33467872 1
34945480 1
35480699 1
35952884 1
36975314 1
37675907 1
40916023 1
42566602 1
43262273 1
44508094 1
46239604 1
50078509 1
50091196 1
50588353 1
50793215 1
51405049 1
51447164 1
53325667 1
53582587 1
55702233 1
56343672 1
56827051 1
58699500 1
62312469 1
62560742 1
64880894 1
65681983 1
66853752 1
67441435 1
68505803 1
68937720 1
71095768 1
71521025 1
72330894 1
72924435 1
73551138 1
74122412 1
74586817 1
74892653 1
75988594 1
79606837 1
80532587 1
81846453 1
83295594 1
85289965 1
86758915 1
87188910 1
89463537 1
90303176 1
90809975 1
90953320 1
92784374 1
94145021 1
96864811 1
96947648 1
97211663 1
