286392
423585
423585
423585
1003840
1357146
1357146
2295440
2322421
3429238
4810828
4904812
5851097
8495780
8495780
8495780
8903700
8903700
8903700
9056100
9056100
9056100
9126351
9236985
9742784
9742784
10691144
10691144
10691144
10802915
10802915
13959634
14558127
14558127
14558127
14735698
15240238
15661378
15693423
15693423
15693423
17197110
17197110
17197110
17241370
18319762
18319762
18319762
18474999
18474999
18482591
18482591
18482591
20932152
20932152
20932152
21011044
21123811
21565445
21565445
23002292
23924608
23950192
23950192
23950192
24224830
24224830
24224830
25857246
25857246
26202165
26202165
26202165
26268488
26534688
26534688
26534688
26593852
26674724
26674724
26674724
27552504
29071332
30459350
30983281
32807846
33057951
33467872
34267821
34267821
34267821
34945480
35480699
35952884
36736723
36736723
36975314
37675907
40916023
41090784
41090784
41090784
42566602
43262273
43582229
43582229
43582229
43898403
43898403
43898403
44308317
44308317
44308317
44508094
45483489
45483489
45483489
46159582
46159582
46159582
46239604
47106439
47106439
47106439
50032342
50032342
50032342
50078509
50088247
50088247
50088247
50091196
50321796
50321796
50321796
50588353
50793215
51124303
51124303
51405049
51447164
52068432
52068432
52687916
52687916
52687916
53129443
53129443
53303460
53303460
53325667
53582587
53855409
53855409
53855409
53921056
53921056
53921056
55702233
56343672
56827051
58699500
58901502
58901502
58901502
59546528
59546528
59546528
60161788
60161788
60161788
62312469
62560742
63977008
63977008
63977008
64880894
64990807
64990807
64990807
65681983
65749035
65749035
65749035
65877963
65877963
65877963
66853752
67111213
67111213
67169062
67169062
67441435
68505803
68937720
70583986
70583986
70583986
70703416
70703416
70703416
70980824
70980824
70980824
71095768
71521025
71978434
71978434
71978434
72060415
72060415
72291078
72291078
72330894
72924435
73061465
73061465
73061465
73551138
74122412
74586817
74892653
75988594
78474168
78474168
79606837
80532587
80701178
80701178
81275309
81275309
81275309
81825063
81825063
81825063
81846453
82085295
82085295
82498947
82498947
82498947
83295594
84206435
84206435
84206435
85289965
86758915
87188910
88494899
88494899
88494899
89463537
90303176
90307777
90307777
90809975
90953320
92723496
92723496
92784374
92919429
92919429
92919429
94145021
96363153
96363153
96363153
96729612
96729612
96729612
96864811
96947648
97077563
97077563
97077563
97211663
97268402
97268402
97268402
99185129
99185129